Pocet kostek:
Velikosti:
23, 8, 5, 3, 2, 1
23, 8, 5, 3, 2
23, 8, 5, 3, 1
23, 8, 5, 3
23, 8, 5, 2, 1
23, 8, 5, 2
23, 8, 5, 1
23, 8, 5
23, 8, 3, 2, 1
23, 8, 3, 2
23, 8, 3, 1
23, 8, 3
23, 8, 2, 1
23, 8, 2
23, 8, 1
23, 8
23, 8, 8, 5, 3, 2, 1
23, 8, 8, 5, 3, 2
23, 8, 8, 5, 3, 1
23, 8, 8, 5, 3
23, 8, 8, 5, 2, 1
23, 8, 8, 5, 2
23, 8, 8, 5, 1
23, 8, 8, 5
23, 8, 8, 3, 2, 1
23, 8, 8, 3, 2
23, 8, 8, 3, 1
23, 8, 8, 3
23, 8, 8, 2, 1
23, 8, 8, 2
23, 8, 8, 1
23, 8, 8
23, 5, 3, 2, 1
23, 5, 3, 2
23, 5, 3, 1
23, 5, 3
23, 5, 2, 1
23, 5, 2
23, 5, 1
23, 5
23, 3, 2, 1
23, 3, 2
23, 3, 1
23, 3
23, 2, 1
23, 2
23, 1
23
8, 5, 3, 2, 1
8, 5, 3, 2
8, 5, 3, 1
8, 5, 3
8, 5, 2, 1
8, 5, 2
8, 5, 1
8, 5
8, 3, 2, 1
8, 3, 2
8, 3, 1
8, 3
8, 2, 1
8, 2
8, 1
8
8, 8, 5, 3, 2, 1
8, 8, 5, 3, 2
8, 8, 5, 3, 1
8, 8, 5, 3
8, 8, 5, 2, 1
8, 8, 5, 2
8, 8, 5, 1
8, 8, 5
8, 8, 3, 2, 1
8, 8, 3, 2
8, 8, 3, 1
8, 8, 3
8, 8, 2, 1
8, 8, 2
8, 8, 1
8, 8
5, 3, 2, 1
5, 3, 2
5, 3, 1
5, 3
5, 2, 1
5, 2
5, 1
5
3, 2, 1
3, 2
3, 1
3
2, 1
2
1
Celkem: 95
